# Tue 04:23:24 08-Mar-2016
begin	neon
	task	fitcoords
	axis	1
	units	angstroms
	surface	44
		1.
		6.
		6.
		1.
		1.
		1024.
		1.
		256.
		6529.887210285404
		3809.86154868546
		51.92543035248001
		-15.15180837605116
		-0.08909158414945389
		3.06135944710713
		3.298393384419028
		-7.805768149185432
		2.107565008900072
		-6.381691976691313
		0.1923994990475084
		-2.050999785997322
		0.4321144251626139
		-0.01801840269709842
		-2.494479363643957
		0.2240184404686613
		-0.9952072915610637
		-0.03108079139772046
		1.601757182414635
		-5.161395598792118
		2.189238093385792
		-3.580142071896785
		0.512019234842683
		-1.165724977431937
		0.1573455384598242
		-0.9373399582386433
		-0.169507726267398
		-1.183323512992698
		-0.3133032811741987
		-0.8221684636018878
		3.80112346124365
		-12.50875054627716
		5.370378478634918
		-8.360319094439002
		1.360921288743439
		-2.526617283092875
