# Tue 04:22:22 08-Mar-2016
begin	identify neon[*,248]
	id	neon
	task	identify
	image	neon[*,248]
	units	Angstroms
	features	24
	        211.37  4259.4341   4259.361   4.0 1 1 AI(9)
	        241.04 4471.66912   4471.477   4.0 1 1 AI(4) blend
	        274.47 4712.86636   4713.143   4.0 1 1 HeI
	        324.82 5079.97517    5080.38   4.0 1 1 HeI
	        417.20 5764.05019   5764.418   4.0 1 1 
	        429.13 5853.17297  5852.4878   4.0 1 1 NeI(13)
	        441.45 5945.42881  5944.8342   4.0 1 1 NeI(6)
	        467.85 6143.76021  6143.0623   4.0 1 1 NeI
	        484.12 6266.29374   6266.495   4.0 1 1 NeI(1)
	        515.80 6505.67452  6506.5279   4.0 1 1 NeI(5)
	        528.08 6598.67282  6598.9529   4.0 1 1 NeI
	        538.58 6678.29225     6678.2   4.0 1 1 NeI(3)
	        543.67 6716.86794  6717.0428   4.0 1 1 NeI(6)
	        563.95 6870.94233    6871.29   4.0 1 1 blend HeI 6678.149 with NeI 6678.2764
	        571.71 6929.96236   6929.468   4.0 1 1 NeI
	        585.20 7032.62171  7032.4127   4.0 1 1 AI(11)
	        589.47 7065.18904   7065.188   4.0 1 1 AI
	        603.69  7173.5779   7173.939   4.0 1 1 NeI(6)
	        613.13  7245.5391   7245.167   4.0 1 1 NeI(1)
	        617.71 7280.46679   7281.349   4.0 1 1 HeI
	        631.25 7383.82131    7383.98   4.0 1 1 NeI(6)
	        638.58 7439.76675   7438.899   4.0 1 1 NeI(3)
	        767.45 8424.70079   8424.647   4.0 1 1 HeI
	        929.75 9657.75532    9657.78   4.0 1 1 AI
	function spline3
	order 1
	sample *
	naverage 1
	niterate 0
	low_reject 3.
	high_reject 3.
	grow 0.
	coefficients	8
		3.
		1.
		1.
		1024.
		-476.850978711568
		381.1782655314195
		1767.002316359226
		2914.177025899063

# Tue 04:22:29 08-Mar-2016
begin	identify neon[*,208]
	id	neon
	task	identify
	image	neon[*,208]
	units	Angstroms
	features	28
	        211.70 4259.17429   4259.361   4.0 1 1 AI(9)
	        241.43 4471.86904   4471.477   4.0 1 1 AI(4) blend
	        274.77 4712.56275   4713.143   4.0 1 1 HeI
	        325.21 5080.42423    5080.38   4.0 1 1 HeI
	        417.51 5763.94813   5764.418   4.0 1 1 
	        429.55 5853.97319  5852.4878   4.0 1 1 NeI(13)
	        441.68 5944.78251  5944.8342   4.0 1 1 NeI(6)
	        453.12 6030.64374  6029.9971   4.0 1 1 NeI(1)
	        468.15 6143.61661  6143.0623   4.0 1 1 NeI
	        484.46 6266.54659   6266.495   4.0 1 1 NeI(1)
	        516.20 6506.32695  6506.5279   4.0 1 1 NeI
	        528.44 6599.02481  6598.9529   4.0 1 1 NeI(3)
	        538.78 6677.42776     6678.2   4.0 1 1 NeI(6)
	        543.85 6715.91527  6717.0428   4.0 1 1 blend HeI 6678.149 with NeI 6678.2764
	        548.69 6752.65069   6752.832   4.0 1 1 NeI
	        564.32 6871.43663    6871.29   4.0 1 1 AI(11)
	        571.92   6929.197   6929.468   4.0 1 1 AI
	        585.49 7032.51804  7032.4127   4.0 1 1 NeI(6)
	        589.72 7064.73668   7065.188   4.0 1 1 NeI(1)
	        603.95 7173.16974   7173.939   4.0 1 1 HeI
	        613.45 7245.62376   7245.167   4.0 1 1 NeI(6)
	        618.08 7280.99024   7281.349   4.0 1 1 NeI(3)
	        631.50 7383.43588    7383.98   4.0 1 1 HeI
	        638.78 7438.96366   7438.899   4.0 1 1 AI
	        676.22 7725.12827     7723.8   4.0 1 1 NeI
	        705.56 7949.46661   7948.175   4.0 1 1 blend AI(1) 7723.760 and AI(6) 7724.206
	        767.64 8424.08847   8424.647   4.0 1 1 AI Blend of 8006 and 8014 for low dispersion
	        929.92 9657.66416    9657.78   4.0 1 1 AI(3)
	function spline3
	order 1
	sample *
	naverage 1
	niterate 0
	low_reject 3.
	high_reject 3.
	grow 0.
	coefficients	8
		3.
		1.
		1.
		1024.
		-480.5304780129332
		381.4545473009086
		1765.91704695341
		2917.598216209995

# Tue 04:22:35 08-Mar-2016
begin	identify neon[*,168]
	id	neon
	task	identify
	image	neon[*,168]
	units	Angstroms
	features	31
	        211.93 4258.85893   4259.361   4.0 1 1 AI(9)
	        241.66 4471.68918   4471.477   4.0 1 1 HeI
	        275.02 4712.50317   4713.143   4.0 1 1 HeI
	        303.98 4923.21769   4921.929   4.0 1 1 HeI
	        325.44 5080.31218    5080.38   4.0 1 1 
	        417.69 5763.48265   5764.418   4.0 1 1 NeI(13)
	        429.73 5853.48137  5852.4878   4.0 1 1 NeI(6)
	        441.85  5944.2894  5944.8342   4.0 1 1 NeI(1)
	        453.42  6031.0619  6029.9971   4.0 1 1 NeI(3)
	        468.46  6144.1109  6143.0623   4.0 1 1 NeI(1)
	        484.65 6266.08713   6266.495   4.0 1 1 NeI(5)
	        489.82 6305.07618  6304.7892   4.0 1 1 NeI
	        516.48 6506.56239  6506.5279   4.0 1 1 NeI(3)
	        528.63 6598.59956  6598.9529   4.0 1 1 NeI(6)
	        539.02 6677.36637     6678.2   4.0 1 1 blend HeI 6678.149 with NeI 6678.2764
	        544.19 6716.56646  6717.0428   4.0 1 1 NeI
	        548.93 6752.59482   6752.832   4.0 1 1 AI(11)
	        564.55 6871.22655    6871.29   4.0 1 1 AI
	        572.21 6929.52646   6929.468   4.0 1 1 NeI(6)
	        585.66 7031.92446  7032.4127   4.0 1 1 NeI(1)
	        590.07 7065.45479   7065.188   4.0 1 1 HeI
	        604.23 7173.42146   7173.939   4.0 1 1 NeI(6)
	        613.63 7245.09357   7245.167   4.0 1 1 NeI(3)
	        618.34 7281.06532   7281.349   4.0 1 1 HeI
	        631.67 7382.79529    7383.98   4.0 1 1 AI
	        638.99 7438.66207   7438.899   4.0 1 1 NeI
	        676.45  7724.9842     7723.8   4.0 1 1 blend AI(1) 7723.760 and AI(6) 7724.206
	        705.74 7948.94984   7948.175   4.0 1 1 AI(6)
	        714.16 8013.41609      8012.   4.0 1 1 AI Blend of 8006 and 8014 for low dispersion
	        767.87 8424.09229   8424.647   4.0 1 1 AI(3)
	        930.03 9657.55123    9657.78   4.0 1 1 
	function spline3
	order 1
	sample *
	naverage 1
	niterate 0
	low_reject 3.
	high_reject 3.
	grow 0.
	coefficients	8
		3.
		1.
		1.
		1024.
		-484.6842935038528
		382.0769946546429
		1764.627268826117
		2922.02369551234

# Tue 04:22:37 08-Mar-2016
begin	identify neon[*,8]
	id	neon
	task	identify
	image	neon[*,8]
	units	Angstroms
	features	27
	        241.19 4471.48416   4471.477   4.0 1 1 AI(4) blend
	        325.05 5080.06997    5080.38   4.0 1 1 HeI
	        417.46 5763.90905   5764.418   4.0 1 1 
	        429.51 5853.90745  5852.4878   4.0 1 1 NeI(13)
	        441.66 5944.85763  5944.8342   4.0 1 1 NeI(6)
	        453.12 6030.79596  6029.9971   4.0 1 1 NeI(1)
	        461.61  6094.5581   6096.163   4.0 1 1 NeI(3)
	        468.19 6143.95327  6143.0623   4.0 1 1 NeI
	        484.47 6266.53229   6266.495   4.0 1 1 NeI(1)
	        516.28 6506.65615  6506.5279   4.0 1 1 NeI
	        528.48 6598.98341  6598.9529   4.0 1 1 NeI(3)
	        538.87 6677.66491     6678.2   4.0 1 1 NeI(6)
	        543.97  6716.3757  6717.0428   4.0 1 1 blend HeI 6678.149 with NeI 6678.2764
	        564.41 6871.44862    6871.29   4.0 1 1 NeI
	        572.06 6929.61618   6929.468   4.0 1 1 AI
	        585.56 7032.25283  7032.4127   4.0 1 1 NeI(6)
	        589.93 7065.49409   7065.188   4.0 1 1 NeI(1)
	        604.15 7173.70493   7173.939   4.0 1 1 HeI
	        613.55 7245.25797   7245.167   4.0 1 1 NeI(6)
	        618.26 7281.13641   7281.349   4.0 1 1 NeI(3)
	        631.61 7382.92426    7383.98   4.0 1 1 HeI
	        638.95   7438.841   7438.899   4.0 1 1 AI
	        676.41 7724.64354     7723.8   4.0 1 1 NeI
	        714.15 8012.60173      8012.   4.0 1 1 blend AI(1) 7723.760 and AI(6) 7724.206
	        747.35 8265.83858   8264.521   4.0 1 1 AI Blend of 8006 and 8014 for low dispersion
	        768.01 8423.22079   8424.647   4.0 1 1 AI(8)
	        860.13 9122.93971    9122.97   4.0 1 1 AI(3)
	function spline3
	order 1
	sample *
	naverage 1
	niterate 0
	low_reject 3.
	high_reject 3.
	grow 0.
	coefficients	8
		3.
		1.
		1.
		1024.
		-469.8149303444655
		379.4053602870683
		1768.331210134254
		2896.611787105868

# Tue 04:22:45 08-Mar-2016
begin	identify neon[*,48]
	id	neon
	task	identify
	image	neon[*,48]
	units	Angstroms
	features	25
	        241.48 4471.01482   4471.477   4.0 1 1 HeI
	        303.87 4922.78496   4921.929   4.0 1 1 HeI
	        325.34 5079.81972    5080.38   4.0 1 1 
	        429.70 5853.31804  5852.4878   4.0 1 1 NeI(6)
	        441.83 5944.16557  5944.8342   4.0 1 1 NeI(1)
	        453.37 6030.77396  6029.9971   4.0 1 1 NeI(3)
	        468.42 6143.85321  6143.0623   4.0 1 1 NeI(1)
	        484.63 6265.97681   6266.495   4.0 1 1 NeI(5)
	        489.86 6305.41403  6304.7892   4.0 1 1 NeI
	        516.47 6506.47817  6506.5279   4.0 1 1 NeI(3)
	        528.63 6598.52165  6598.9529   4.0 1 1 NeI(6)
	        539.05 6677.50464     6678.2   4.0 1 1 blend HeI 6678.149 with NeI 6678.2764
	        544.21 6716.61482  6717.0428   4.0 1 1 NeI
	        564.56 6871.13114    6871.29   4.0 1 1 AI
	        572.25  6929.5983   6929.468   4.0 1 1 NeI(6)
	        585.69  7031.8167  7032.4127   4.0 1 1 NeI(1)
	        590.13 7065.62869   7065.188   4.0 1 1 HeI
	        604.29 7173.46525   7173.939   4.0 1 1 NeI(6)
	        613.67 7244.87425   7245.167   4.0 1 1 NeI(3)
	        618.39 7280.84984   7281.349   4.0 1 1 HeI
	        639.09 7438.73113   7438.899   4.0 1 1 NeI
	        676.52 7724.37167     7723.8   4.0 1 1 blend AI(1) 7723.760 and AI(6) 7724.206
	        714.26 8012.45297      8012.   4.0 1 1 AI Blend of 8006 and 8014 for low dispersion
	        747.44 8265.60182   8264.521   4.0 1 1 AI(8)
	        860.15 9122.41674    9122.97   4.0 1 1 
	function spline3
	order 1
	sample *
	naverage 1
	niterate 0
	low_reject 3.
	high_reject 3.
	grow 0.
	coefficients	8
		3.
		1.
		1.
		1024.
		-468.4893713762053
		378.280202608977
		1768.895698608538
		2894.730584651414

# Tue 04:22:54 08-Mar-2016
begin	identify neon[*,88]
	id	neon
	task	identify
	image	neon[*,88]
	units	Angstroms
	features	23
	        241.68 4471.68957   4471.477   4.0 1 1 AI(4) blend
	        275.07 4712.70389   4713.143   4.0 1 1 HeI
	        325.49 5080.50749    5080.38   4.0 1 1 HeI
	        417.75  5763.7298   5764.418   4.0 1 1 
	        429.79 5853.65876  5852.4878   4.0 1 1 NeI(13)
	        441.96 5944.84673  5944.8342   4.0 1 1 NeI(6)
	        484.73 6266.30558   6266.495   4.0 1 1 NeI(1)
	        489.83 6304.80899  6304.7892   4.0 1 1 NeI(5)
	        516.57 6506.76447  6506.5279   4.0 1 1 NeI
	        528.72 6598.73365  6598.9529   4.0 1 1 NeI(3)
	        539.18 6678.03549     6678.2   4.0 1 1 NeI(6)
	        544.34 6717.15967  6717.0428   4.0 1 1 blend HeI 6678.149 with NeI 6678.2764
	        564.64  6871.2455    6871.29   4.0 1 1 NeI
	        572.35 6929.87845   6929.468   4.0 1 1 AI
	        585.76 7031.86294  7032.4127   4.0 1 1 NeI(6)
	        590.22  7065.7643   7065.188   4.0 1 1 NeI(1)
	        604.37  7173.5255   7173.939   4.0 1 1 HeI
	        613.73 7244.85328   7245.167   4.0 1 1 NeI(6)
	        618.45 7280.79135   7281.349   4.0 1 1 NeI(3)
	        639.17 7438.84225   7438.899   4.0 1 1 AI
	        676.57 7724.27769     7723.8   4.0 1 1 NeI
	        714.31 8012.38834      8012.   4.0 1 1 blend AI(1) 7723.760 and AI(6) 7724.206
	        860.16  9122.8568    9122.97   4.0 1 1 AI(3)
	function spline3
	order 1
	sample *
	naverage 1
	niterate 0
	low_reject 3.
	high_reject 3.
	grow 0.
	coefficients	8
		3.
		1.
		1.
		1024.
		-479.3414383923371
		380.5020933084204
		1766.555723442561
		2904.951941034518

# Tue 04:23:02 08-Mar-2016
begin	identify neon[*,128]
	id	neon
	task	identify
	image	neon[*,128]
	units	Angstroms
	features	29
	        212.01 4259.17185   4259.361   4.0 1 1 AI(9)
	        241.73 4471.88026   4471.477   4.0 1 1 AI(4) blend
	        275.11 4712.82898   4713.143   4.0 1 1 HeI
	        325.52 5080.49257    5080.38   4.0 1 1 HeI
	        417.76 5763.60627   5764.418   4.0 1 1 
	        429.79 5853.54863  5852.4878   4.0 1 1 NeI(13)
	        441.98 5944.81223  5944.8342   4.0 1 1 NeI(6)
	        484.73 6266.24252   6266.495   4.0 1 1 NeI(1)
	        489.83 6304.70692  6304.7892   4.0 1 1 NeI(5)
	        516.57  6506.7366  6506.5279   4.0 1 1 NeI
	        528.71 6598.68857  6598.9529   4.0 1 1 NeI(3)
	        539.17 6677.99297     6678.2   4.0 1 1 NeI(6)
	        544.33 6717.13806  6717.0428   4.0 1 1 blend HeI 6678.149 with NeI 6678.2764
	        549.15 6753.66015   6752.832   4.0 1 1 NeI
	        564.63 6871.28169    6871.29   4.0 1 1 AI(11)
	        572.34 6929.88902   6929.468   4.0 1 1 AI
	        585.75 7031.88442  7032.4127   4.0 1 1 NeI(6)
	        590.20 7065.78133   7065.188   4.0 1 1 NeI(1)
	        604.36 7173.61403   7173.939   4.0 1 1 HeI
	        613.71 7244.91929   7245.167   4.0 1 1 NeI(6)
	        618.43  7280.9109   7281.349   4.0 1 1 NeI(3)
	        631.78 7382.66943    7383.98   4.0 1 1 HeI
	        639.14 7438.87537   7438.899   4.0 1 1 AI
	        676.55 7724.49567     7723.8   4.0 1 1 NeI
	        705.85 7948.27187   7948.175   4.0 1 1 blend AI(1) 7723.760 and AI(6) 7724.206
	        714.28  8012.6637      8012.   4.0 1 1 AI(6)
	        747.43 8265.83423   8264.521   4.0 1 1 AI Blend of 8006 and 8014 for low dispersion
	        768.02 8422.93693   8424.647   4.0 1 1 AI(8)
	        780.97 8521.68305   8521.441   4.0 1 1 AI(3)
	function spline3
	order 1
	sample *
	naverage 1
	niterate 0
	low_reject 3.
	high_reject 3.
	grow 0.
	coefficients	8
		3.
		1.
		1.
		1024.
		-477.6840795573819
		380.1339631404605
		1766.784466093525
		2906.243990491761

