# Sun 02:07:05 06-Mar-2016
begin	identify neon300_ref[*,128]
	id	neon300_ref
	task	identify
	image	neon300_ref[*,128]
	units	Angstroms
	features	37
	        212.92 4258.33976   4259.361   4.0 1 1 AI(9)
	        218.72 4299.89422     4300.4   4.0 1 1 AI(4) blend
	        242.60 4471.44831   4471.477   4.0 1 1 HeI
	        275.93 4712.80506   4713.143   4.0 1 1 HeI
	        304.75 4923.14091   4921.929   4.0 1 1 HeI
	        317.56 5017.06299   5015.675   4.0 1 1 HeI
	        326.23 5080.78289    5080.38   4.0 1 1 
	        418.28  5764.5999   5764.418   4.0 1 1 NeI(13)
	        430.09 5853.14089  5852.4878   4.0 1 1 NeI(6)
	        442.35 5945.27265  5944.8342   4.0 1 1 NeI(1)
	        453.66 6030.35569  6029.9971   4.0 1 1 NeI(3)
	        462.38 6096.08621   6096.163   4.0 1 1 NeI
	        468.62 6143.14682  6143.0623   4.0 1 1 NeI(1)
	        484.86 6265.90992   6266.495   4.0 1 1 NeI(5)
	        490.05  6305.1286  6304.7892   4.0 1 1 NeI
	        516.54  6505.9622  6506.5279   4.0 1 1 NeI(3)
	        528.67 6598.17122  6598.9529   4.0 1 1 NeI(6)
	        539.14 6677.80062     6678.2   4.0 1 1 blend HeI 6678.149 with NeI 6678.2764
	        544.30 6717.02026  6717.0428   4.0 1 1 NeI
	        549.09 6753.51519   6752.832   4.0 1 1 AI(11)
	        564.48 6870.85473    6871.29   4.0 1 1 AI
	        572.17 6929.48231   6929.468   4.0 1 1 NeI(6)
	        585.56 7031.72818  7032.4127   4.0 1 1 NeI(1)
	        589.85 7064.54595   7065.188   4.0 1 1 HeI
	        604.10 7173.43162   7173.939   4.0 1 1 NeI(6)
	        613.45 7244.96974   7245.167   4.0 1 1 NeI(3)
	        618.08  7280.4265   7281.349   4.0 1 1 HeI
	        631.46 7382.83905    7383.98   4.0 1 1 AI
	        638.71 7438.36925   7438.899   4.0 1 1 NeI
	        676.01 7724.37559     7723.8   4.0 1 1 blend AI(1) 7723.760 and AI(6) 7724.206
	        705.28 7948.93721   7948.175   4.0 1 1 AI(6)
	        713.56 8012.40615      8012.   4.0 1 1 AI Blend of 8006 and 8014 for low dispersion
	        746.54 8265.44999   8264.521   4.0 1 1 AI(8)
	        767.23 8424.12818   8424.647   4.0 1 1 AI(3)
	        780.17 8523.29631   8521.441   4.0 1 1 AI(8)
	        858.76 9124.22113    9122.97   4.0 1 1 
	        928.73 9656.14773    9657.78   4.0 1 1 
	function spline3
	order 1
	sample *
	naverage 1
	niterate 0
	low_reject 3.
	high_reject 3.
	grow 0.
	coefficients	8
		3.
		1.
		1.
		1024.
		-485.9466578376238
		379.0711670161865
		1767.160161997745
		2925.124676161909

# Tue 04:21:47 08-Mar-2016
begin	identify neon300_ref[*,88]
	id	neon300_ref
	task	identify
	image	neon300_ref[*,88]
	units	Angstroms
	features	31
	        218.92 4301.10867     4300.4   4.0 1 1 AI(4) blend
	        242.57 4470.97112   4471.477   4.0 1 1 HeI
	        275.88 4712.15195   4713.143   4.0 1 1 HeI
	        304.71 4922.54189   4921.929   4.0 1 1 HeI
	        326.17 5080.14951    5080.38   4.0 1 1 
	        418.27 5764.52217   5764.418   4.0 1 1 NeI(13)
	        430.06  5852.9608  5852.4878   4.0 1 1 NeI(6)
	        442.34 5945.23541  5944.8342   4.0 1 1 NeI(1)
	        453.64 6030.29763  6029.9971   4.0 1 1 NeI(3)
	        462.38  6096.2092   6096.163   4.0 1 1 NeI
	        468.61 6143.19191  6143.0623   4.0 1 1 NeI(1)
	        484.86 6266.02134   6266.495   4.0 1 1 NeI(5)
	        490.02 6305.10467  6304.7892   4.0 1 1 NeI
	        516.54 6506.16951  6506.5279   4.0 1 1 NeI(3)
	        528.68 6598.42351  6598.9529   4.0 1 1 NeI(6)
	        539.16 6678.14872     6678.2   4.0 1 1 blend HeI 6678.149 with NeI 6678.2764
	        544.31 6717.34682  6717.0428   4.0 1 1 NeI
	        564.49 6871.19726    6871.29   4.0 1 1 AI
	        572.19 6929.89461   6929.468   4.0 1 1 NeI(6)
	        585.57 7032.08359  7032.4127   4.0 1 1 NeI(1)
	        589.87 7064.93151   7065.188   4.0 1 1 HeI
	        604.13 7173.95972   7173.939   4.0 1 1 NeI(6)
	        613.46 7245.33787   7245.167   4.0 1 1 NeI(3)
	        618.11 7280.92385   7281.349   4.0 1 1 HeI
	        631.47 7383.15375    7383.98   4.0 1 1 AI
	        638.73 7438.72896   7438.899   4.0 1 1 NeI
	        676.04 7724.60382     7723.8   4.0 1 1 blend AI(1) 7723.760 and AI(6) 7724.206
	        713.60 8012.55809      8012.   4.0 1 1 AI Blend of 8006 and 8014 for low dispersion
	        746.57 8265.25496   8264.521   4.0 1 1 AI(8)
	        767.28  8423.8351   8424.647   4.0 1 1 AI(3)
	        858.85 9122.91196    9122.97   4.0 1 1 
	function spline3
	order 1
	sample *
	naverage 1
	niterate 0
	low_reject 3.
	high_reject 3.
	grow 0.
	coefficients	8
		3.
		1.
		1.
		1024.
		-476.7501840888156
		376.4908782663584
		1770.114581957142
		2909.0376854469

# Tue 04:21:52 08-Mar-2016
begin	identify neon300_ref[*,48]
	id	neon300_ref
	task	identify
	image	neon300_ref[*,48]
	units	Angstroms
	features	30
	        219.02   4301.606     4300.4   4.0 1 1 AI(4) blend
	        242.43 4470.06402   4471.477   4.0 1 1 HeI
	        304.57 4922.24783   4921.929   4.0 1 1 HeI
	        325.99 5079.67821    5080.38   4.0 1 1 
	        418.11 5764.38224   5764.418   4.0 1 1 NeI(13)
	        429.85 5852.44477  5852.4878   4.0 1 1 NeI(6)
	        442.21 5945.34863  5944.8342   4.0 1 1 NeI(1)
	        453.54 6030.66341  6029.9971   4.0 1 1 NeI(3)
	        462.28 6096.54712   6096.163   4.0 1 1 NeI
	        468.51 6143.52689  6143.0623   4.0 1 1 NeI(1)
	        484.71 6265.96374   6266.495   4.0 1 1 NeI(5)
	        489.80 6304.42873  6304.7892   4.0 1 1 NeI
	        516.45 6506.49815  6506.5279   4.0 1 1 NeI(3)
	        528.58 6598.62989  6598.9529   4.0 1 1 NeI(6)
	        539.02 6677.97386     6678.2   4.0 1 1 blend HeI 6678.149 with NeI 6678.2764
	        544.21 6717.46738  6717.0428   4.0 1 1 NeI
	        564.43  6871.4956    6871.29   4.0 1 1 AI
	        572.06 6929.72801   6929.468   4.0 1 1 NeI(6)
	        585.50  7032.2563  7032.4127   4.0 1 1 NeI(1)
	        589.77 7064.89209   7065.188   4.0 1 1 HeI
	        604.03 7173.82198   7173.939   4.0 1 1 NeI(6)
	        613.40 7245.47128   7245.167   4.0 1 1 NeI(3)
	        618.03 7280.87983   7281.349   4.0 1 1 HeI
	        631.42 7383.32538    7383.98   4.0 1 1 AI
	        638.66 7438.68739   7438.899   4.0 1 1 NeI
	        675.95 7724.35006     7723.8   4.0 1 1 blend AI(1) 7723.760 and AI(6) 7724.206
	        713.54 8012.33386      8012.   4.0 1 1 AI Blend of 8006 and 8014 for low dispersion
	        746.54  8265.1944   8264.521   4.0 1 1 AI(8)
	        767.26 8423.84189   8424.647   4.0 1 1 AI(3)
	        858.83 9123.03795    9122.97   4.0 1 1 
	function spline3
	order 1
	sample *
	naverage 1
	niterate 0
	low_reject 3.
	high_reject 3.
	grow 0.
	coefficients	8
		3.
		1.
		1.
		1024.
		-493.1263175476138
		379.7656654240245
		1767.487803032249
		2918.240836476595

# Tue 04:21:56 08-Mar-2016
begin	identify neon300_ref[*,8]
	id	neon300_ref
	task	identify
	image	neon300_ref[*,8]
	units	Angstroms
	features	28
	        242.10 4471.54964   4471.477   4.0 1 1 AI(4) blend
	        325.67 5080.06713    5080.38   4.0 1 1 HeI
	        417.78 5763.83738   5764.418   4.0 1 1 
	        429.62 5852.62505  5852.4878   4.0 1 1 NeI(13)
	        441.90 5944.81065  5944.8342   4.0 1 1 NeI(6)
	        453.38 6031.15844  6029.9971   4.0 1 1 NeI(1)
	        462.01 6096.17372   6096.163   4.0 1 1 NeI(3)
	        468.34 6143.92053  6143.0623   4.0 1 1 NeI
	        484.55 6266.30648   6266.495   4.0 1 1 NeI(1)
	        489.55 6304.16099  6304.7892   4.0 1 1 NeI(5)
	        516.31 6506.83205  6506.5279   4.0 1 1 NeI
	        528.45 6599.04019  6598.9529   4.0 1 1 NeI(3)
	        538.79 6677.59768     6678.2   4.0 1 1 NeI(6)
	        543.96 6716.92992  6717.0428   4.0 1 1 blend HeI 6678.149 with NeI 6678.2764
	        564.27 6871.61838    6871.29   4.0 1 1 NeI
	        571.85 6929.40538   6929.468   4.0 1 1 AI
	        585.38 7032.58305  7032.4127   4.0 1 1 NeI(6)
	        589.61 7064.88035   7065.188   4.0 1 1 NeI(1)
	        603.81 7173.32387   7173.939   4.0 1 1 HeI
	        613.27 7245.61145   7245.167   4.0 1 1 NeI(6)
	        617.84 7280.57796   7281.349   4.0 1 1 NeI(3)
	        631.32 7383.68923    7383.98   4.0 1 1 HeI
	        638.55 7438.97476   7438.899   4.0 1 1 AI
	        675.79 7724.09627     7723.8   4.0 1 1 NeI
	        713.42 8012.39992      8012.   4.0 1 1 blend AI(1) 7723.760 and AI(6) 7724.206
	        746.49 8265.57632   8264.521   4.0 1 1 AI Blend of 8006 and 8014 for low dispersion
	        767.17 8423.84138   8424.647   4.0 1 1 AI(8)
	        858.79 9122.86974    9122.97   4.0 1 1 AI(3)
	function spline3
	order 1
	sample *
	naverage 1
	niterate 0
	low_reject 3.
	high_reject 3.
	grow 0.
	coefficients	8
		3.
		1.
		1.
		1024.
		-477.398996832577
		377.9543755721021
		1769.479351998993
		2910.12983578148

# Tue 04:22:02 08-Mar-2016
begin	identify neon300_ref[*,168]
	id	neon300_ref
	task	identify
	image	neon300_ref[*,168]
	units	Angstroms
	features	33
	        212.87 4258.45389   4259.361   4.0 1 1 AI(9)
	        218.75 4300.55957     4300.4   4.0 1 1 AI(4) blend
	        242.55 4471.60001   4471.477   4.0 1 1 HeI
	        275.86 4712.76419   4713.143   4.0 1 1 HeI
	        304.68 4923.16553   4921.929   4.0 1 1 HeI
	        326.12 5080.57292    5080.38   4.0 1 1 
	        418.19 5764.58868   5764.418   4.0 1 1 NeI(13)
	        429.96 5852.83495  5852.4878   4.0 1 1 NeI(6)
	        442.25 5945.22018  5944.8342   4.0 1 1 NeI(1)
	        453.58 6030.50183  6029.9971   4.0 1 1 NeI(3)
	        462.30 6096.18768   6096.163   4.0 1 1 NeI
	        468.55 6143.35411  6143.0623   4.0 1 1 NeI(1)
	        484.76 6265.91428   6266.495   4.0 1 1 NeI(5)
	        489.88 6304.64809  6304.7892   4.0 1 1 NeI
	        516.46 6506.16284  6506.5279   4.0 1 1 NeI(3)
	        528.60 6598.41525  6598.9529   4.0 1 1 NeI(6)
	        539.01  6677.6393     6678.2   4.0 1 1 blend HeI 6678.149 with NeI 6678.2764
	        544.18 6716.96713  6717.0428   4.0 1 1 NeI
	        548.94 6753.22903   6752.832   4.0 1 1 AI(11)
	        564.42 6871.24488    6871.29   4.0 1 1 AI
	        572.04  6929.4503   6929.468   4.0 1 1 NeI(6)
	        585.48 7032.04868  7032.4127   4.0 1 1 NeI(1)
	        589.75 7064.69051   7065.188   4.0 1 1 HeI
	        603.98 7173.52777   7173.939   4.0 1 1 NeI(6)
	        613.35 7245.26825   7245.167   4.0 1 1 NeI(3)
	        617.96 7280.52953   7281.349   4.0 1 1 HeI
	        631.38 7383.28441    7383.98   4.0 1 1 AI
	        638.63 7438.84763   7438.899   4.0 1 1 NeI
	        675.87 7724.50503     7723.8   4.0 1 1 blend AI(1) 7723.760 and AI(6) 7724.206
	        705.17 7949.34751   7948.175   4.0 1 1 AI(6)
	        713.44 8012.88791      8012.   4.0 1 1 AI Blend of 8006 and 8014 for low dispersion
	        767.11   8424.786   8424.647   4.0 1 1 AI(3)
	        928.55 9657.38898    9657.78   4.0 1 1 
	function spline3
	order 1
	sample *
	naverage 1
	niterate 0
	low_reject 3.
	high_reject 3.
	grow 0.
	coefficients	8
		3.
		1.
		1.
		1024.
		-486.9914707216665
		379.411554849536
		1766.969974013903
		2929.080745092056

# Tue 04:22:07 08-Mar-2016
begin	identify neon300_ref[*,208]
	id	neon300_ref
	task	identify
	image	neon300_ref[*,208]
	units	Angstroms
	features	30
	        212.62 4258.72441   4259.361   4.0 1 1 AI(9)
	        242.40 4472.40434   4471.477   4.0 1 1 AI(4) blend
	        275.59 4712.70885   4713.143   4.0 1 1 HeI
	        325.85 5080.41617    5080.38   4.0 1 1 HeI
	        417.89 5764.14949   5764.418   4.0 1 1 
	        429.71 5852.83137  5852.4878   4.0 1 1 NeI(13)
	        441.99 5945.04272  5944.8342   4.0 1 1 NeI(6)
	        453.41  6031.0388  6029.9971   4.0 1 1 NeI(1)
	        462.04 6096.07112   6096.163   4.0 1 1 NeI(3)
	        468.35 6143.73535  6143.0623   4.0 1 1 NeI
	        484.57 6266.28867   6266.495   4.0 1 1 NeI(1)
	        489.58  6304.2422  6304.7892   4.0 1 1 NeI(5)
	        516.26 6506.50641  6506.5279   4.0 1 1 NeI
	        528.41 6598.87653  6598.9529   4.0 1 1 NeI(3)
	        538.76 6677.63476     6678.2   4.0 1 1 NeI(6)
	        543.90 6716.73301  6717.0428   4.0 1 1 blend HeI 6678.149 with NeI 6678.2764
	        548.62 6752.72079   6752.832   4.0 1 1 NeI
	        564.17 6871.28863    6871.29   4.0 1 1 AI(11)
	        571.80 6929.48499   6929.468   4.0 1 1 AI
	        585.28 7032.41871  7032.4127   4.0 1 1 NeI(6)
	        589.53 7064.93915   7065.188   4.0 1 1 NeI(1)
	        603.73 7173.55458   7173.939   4.0 1 1 HeI
	        613.12 7245.37633   7245.167   4.0 1 1 NeI(6)
	        617.68 7280.29019   7281.349   4.0 1 1 NeI(3)
	        631.16 7383.53696    7383.98   4.0 1 1 HeI
	        638.44 7439.32186   7438.899   4.0 1 1 AI
	        675.65 7724.72772     7723.8   4.0 1 1 NeI
	        704.88 7949.08686   7948.175   4.0 1 1 blend AI(1) 7723.760 and AI(6) 7724.206
	        766.83  8424.4721   8424.647   4.0 1 1 AI Blend of 8006 and 8014 for low dispersion
	        928.40 9657.63481    9657.78   4.0 1 1 AI(3)
	function spline3
	order 1
	sample *
	naverage 1
	niterate 0
	low_reject 3.
	high_reject 3.
	grow 0.
	coefficients	8
		3.
		1.
		1.
		1024.
		-483.1739686430422
		378.9549440511736
		1768.046240156709
		2926.008815291874

# Tue 04:22:10 08-Mar-2016
begin	identify neon300_ref[*,248]
	id	neon300_ref
	task	identify
	image	neon300_ref[*,248]
	units	Angstroms
	features	27
	        212.36 4259.08997   4259.361   4.0 1 1 AI(9)
	        242.05 4472.06838   4471.477   4.0 1 1 AI(4) blend
	        275.31 4712.82638   4713.143   4.0 1 1 HeI
	        325.55 5080.28832    5080.38   4.0 1 1 HeI
	        417.59 5764.03129   5764.418   4.0 1 1 
	        429.49 5853.24265  5852.4878   4.0 1 1 NeI(13)
	        441.68  5944.8925  5944.8342   4.0 1 1 NeI(6)
	        461.68 6095.54338   6096.163   4.0 1 1 NeI(3)
	        468.03 6143.45234  6143.0623   4.0 1 1 NeI
	        484.32  6266.5507   6266.495   4.0 1 1 NeI(1)
	        489.38  6304.8742  6304.7892   4.0 1 1 NeI(5)
	        515.94 6506.32928  6506.5279   4.0 1 1 NeI
	        528.14 6599.02061  6598.9529   4.0 1 1 NeI(3)
	        538.53 6678.07012     6678.2   4.0 1 1 NeI(6)
	        543.63 6716.89192  6717.0428   4.0 1 1 blend HeI 6678.149 with NeI 6678.2764
	        548.36 6752.95008   6752.832   4.0 1 1 NeI
	        563.85 6871.00959    6871.29   4.0 1 1 AI(11)
	        571.56 6929.91707   6929.468   4.0 1 1 AI
	        584.98 7032.43024  7032.4127   4.0 1 1 NeI(6)
	        589.25 7065.06826   7065.188   4.0 1 1 NeI(1)
	        603.52 7174.14223   7173.939   4.0 1 1 HeI
	        612.83 7245.40405   7245.167   4.0 1 1 NeI(6)
	        617.41 7280.50449   7281.349   4.0 1 1 NeI(3)
	        630.86 7383.53373    7383.98   4.0 1 1 HeI
	        638.19 7439.70142   7438.899   4.0 1 1 AI
	        766.59 8424.69196   8424.647   4.0 1 1 AI Blend of 8006 and 8014 for low dispersion
	        928.27 9657.76066    9657.78   4.0 1 1 AI(3)
	function spline3
	order 1
	sample *
	naverage 1
	niterate 0
	low_reject 3.
	high_reject 3.
	grow 0.
	coefficients	8
		3.
		1.
		1.
		1024.
		-478.4407487948142
		378.2463169533984
		1769.536715735309
		2920.821906269404

